
trip 5730_14_20181229

stop31732
[(0, 603.751274412031, 0.0), (1, 603.751274412031, 0.0), (2, 603.751274412031, 0.0), (3, 603.751274412031, 0.0), (4, 603.751274412031, 0.0)]
stop20783
[]
stop20610
[(0, 138.76909762811815, 0.0), (1, 138.76909762811815, 0.0), (2, 138.76909762811815, 0.0), (3, 138.76909762811815, 0.0), (4, 138.76909762811815, 0.0)]

stop31732
[(0, 603.751274412031, 0.0), (1, 603.751274412031, 0.0), (2, 603.751274412031, 0.0), (3, 603.751274412031, 0.0), (4, 603.751274412031, 0.0)]
stop20783
[]
stop20610
[(0, 138.76909762811815, 0.0), (1, 138.76909762811815, 0.0), (2, 138.76909762811815, 0.0), (3, 138.76909762811815, 0.0), (4, 138.76909762811815, 0.0)]


trip 5727_15_20181229

stop20582
[(0, 68.29804051393974, 0.0), (1, 68.29804051393974, 0.0), (2, 68.29804051393974, 0.0), (3, 68.29804051393974, 0.0), (4, 68.29804051393974, 0.0)]

stop20939
[(0, 70.97332045480758, 0.0), (1, 70.97332045480758, 0.0), (2, 70.97332045480758, 0.0), (3, 70.97332045480758, 0.0), (4, 70.97332045480758, 0.0)]

stop20582
[(0, 68.29804051393974, 0.0), (1, 68.29804051393974, 0.0), (2, 68.29804051393974, 0.0), (3, 68.29804051393974, 0.0), (4, 68.29804051393974, 0.0)]

stop20939
[(0, 70.97332045480758, 0.0), (1, 70.97332045480758, 0.0), (2, 70.97332045480758, 0.0), (3, 70.97332045480758, 0.0), (4, 70.97332045480758, 0.0)]

trip 5740_13_20181229

stop20698
[(0, 1.4938594406727614, 0.0), (1, 1.4938594406727614, 0.0), (2, 1.4938594406727614, 0.0), (3, 1.4938594406727614, 0.0), (4, 1.4938594406727614, 0.0), (5, 1.4938594406727614, 0.0), (6, 1.4938594406727614, 0.0), (7, 1.4938594406727614, 0.0), (8, 1.4938594406727614, 0.0), (9, 1.4938594406727614, 0.0), (10, 1.4938594406727614, 0.0)]

stop20698
[(0, 1.4938594406727614, 0.0), (1, 1.4938594406727614, 0.0), (2, 1.4938594406727614, 0.0), (3, 1.4938594406727614, 0.0), (4, 1.4938594406727614, 0.0), (5, 1.4938594406727614, 0.0), (6, 1.4938594406727614, 0.0), (7, 1.4938594406727614, 0.0), (8, 1.4938594406727614, 0.0), (9, 1.4938594406727614, 0.0), (10, 1.4938594406727614, 0.0)]
